29,52
29,51
29,50
29,49
29,48
29,47
29,46
29,45
29,44
29,43
29,42
29,41
29,40
29,39
29,38
29,37
29,36
29,35
0,439
0,438
0,437
0,436
0,435
0,434
0,433
0,432
0,431
0,430
0,429
0,428
0,427
37,4
0,426
0,425
0,424
37,3
37,2
0,423
37,1
37,0
0,422
0,421
0,420
0,419
0,418
0,417
36,4
0,416
0,415
0,414
36,3
36,2
0,413
0,412
36,1
36,0
0,411
0,410
0,409
35,3
35,2
0,408
0,407
35,1
35,0
0,406
0,405
34,3
34,2
0,404
0,403
34,1
34,0
0,402
33,4
33,3
33,2
33,1
33,0
0,401
32,4
0,400
32,3
32,2
0,399
32,1
32,0
0,398
31,3
31,2
0,397
31,1
31,0
30,3
30,2
0,396
30,1
30,0
0,395
0,394
0,393
